30 0
34 0
43 0
70 0
121 0
144 0
147 0
184 0
238 0
421 0
443 0
536 0
560 0
695 0
814 0
852 0
871 0
880 0
967 0
1245 0
1249 0
1276 0
1282 0
1310 0
1335 0
1337 0
1338 0
1638 0
1821 0
2055 0
2056 0
2088 0
2090 0
2116 0
153 0
183 1
198 1
208 1
229 1
236 1
241 1
268 1
297 1
347 1
382 1
526 1
558 1
636 1
647 1
694 1
712 1
856 1
881 1
882 1
888 1
902 1
1220 1
1247 1
1251 1
1267 1
1280 1
1379 1
1632 1
1645 1
1749 1
2058 1
2063 1
2081 1
2086 1
2089 1
2127 1
2184 1
27 2
29 2
127 2
158 2
175 2
177 2
248 2
293 2
353 2
413 2
519 2
557 2
593 2
621 2
645 2
669 2
745 2
800 2
813 2
837 2
840 2
878 2
896 2
907 2
961 2
1104 2
1160 2
1161 2
1172 2
1368 2
1372 2
1378 2
1381 2
1633 2
1823 2
2079 2
2083 2
2085 2
2179 2
2185 2
31 3
32 3
42 3
45 3
120 3
137 3
138 3
142 3
151 3
176 3
301 3
312 3
340 3
342 3
345 3
355 3
407 3
425 3
455 3
504 3
516 3
568 3
581 3
588 3
592 3
618 3
650 3
672 3
696 3
698 3
752 3
841 3
843 3
851 3
860 3
874 3
889 3
965 3
966 3
1107 3
1157 3
1236 3
1243 3
2043 3
2045 3
2052 3
5 4
364 4
373 4
377 4
403 4
458 4
477 4
478 4
482 4
488 4
549 4
736 4
786 4
807 4
921 4
935 4
984 4
989 4
993 4
1048 4
1051 4
1114 4
1116 4
1178 4
1189 4
1193 4
1224 4
1259 4
1289 4
1290 4
1319 4
1322 4
1323 4
1417 4
1482 4
1532 4
1533 4
1544 4
1616 4
1651 4
1676 4
1686 4
1688 4
1759 4
1765 4
1805 4
1830 4
1833 4
1844 4
1847 4
1897 4
1921 4
1925 4
1937 4
1938 4
1945 4
1958 4
1962 4
1985 4
2074 4
2099 4
2141 4
2157 4
2204 4
2251 4
2267 4
2317 4
2381 4
2415 4
6 5
166 5
370 5
375 5
1071 5
1180 5
1197 5
1348 5
1386 5
1404 5
1477 5
1537 5
1562 5
1683 5
1706 5
1773 5
1832 5
1836 5
1878 5
1886 5
1903 5
1907 5
1926 5
1981 5
1999 5
2008 5
2233 5
2256 5
2349 5
2364 5
2366 5
2429 5
2471 5
2510 5
2518 5
2538 5
272 6
368 6
541 6
582 6
804 6
972 6
973 6
982 6
983 6
994 6
1008 6
1040 6
1072 6
1098 6
1131 6
1227 6
1230 6
1233 6
1316 6
1362 6
1409 6
1507 6
1516 6
1539 6
1581 6
1619 6
1726 6
1755 6
1769 6
1774 6
1779 6
1786 6
1858 6
1882 6
1920 6
1940 6
1950 6
1952 6
1957 6
1972 6
1988 6
2003 6
2005 6
2021 6
2144 6
2166 6
2172 6
2192 6
2193 6
2208 6
2239 6
2293 6
2304 6
2334 6
2341 6
2371 6
2417 6
2441 6
2506 6
2521 6
2525 6
167 7
464 7
471 7
474 7
598 7
600 7
737 7
829 7
832 7
977 7
1060 7
1082 7
1085 7
1133 7
1141 7
1156 7
1188 7
1196 7
1205 7
1225 7
1342 7
1352 7
1357 7
1392 7
1414 7
1423 7
1426 7
1452 7
1493 7
1594 7
1627 7
1711 7
1772 7
1789 7
1813 7
1845 7
1849 7
1852 7
1900 7
1944 7
1951 7
1960 7
1966 7
1990 7
1994 7
2016 7
2066 7
2069 7
2160 7
2162 7
2171 7
2205 7
2224 7
2230 7
2272 7
2306 7
2353 7
2354 7
2373 7
2385 7
2413 7
2512 7
2519 7
9 8
12 8
13 8
544 8
664 8
707 8
827 8
830 8
985 8
988 8
1007 8
1009 8
1083 8
1179 8
1183 8
1185 8
1187 8
1190 8
1226 8
1292 8
1394 8
1436 8
1481 8
1505 8
1538 8
1540 8
1551 8
1554 8
1565 8
1607 8
1682 8
1696 8
1698 8
1862 8
1873 8
1885 8
1898 8
1904 8
1929 8
1939 8
1941 8
1959 8
1967 8
1973 8
1996 8
2009 8
2010 8
2203 8
2211 8
2238 8
2248 8
2292 8
2295 8
2345 8
2355 8
2394 8
2414 8
2420 8
2462 8
2487 8
2504 8
2540 8
3 9
18 9
399 9
459 9
470 9
483 9
485 9
585 9
597 9
655 9
705 9
709 9
1001 9
1022 9
1039 9
1112 9
1149 9
1151 9
1256 9
1286 9
1354 9
1434 9
1453 9
1456 9
1461 9
1479 9
1496 9
1504 9
1572 9
1589 9
1631 9
1672 9
1678 9
1684 9
1705 9
1724 9
1762 9
1841 9
1868 9
1875 9
1883 9
1887 9
1987 9
1989 9
2015 9
2028 9
2038 9
2129 9
2137 9
2148 9
2164 9
2165 9
2167 9
2207 9
2216 9
2219 9
2232 9
2234 9
2252 9
2257 9
2259 9
2260 9
2287 9
2290 9
2309 9
2328 9
2332 9
2356 9
2365 9
2370 9
2387 9
2390 9
2392 9
2398 9
2411 9
2427 9
2432 9
2435 9
2440 9
2463 9
2467 9
2507 9
2513 9
2528 9
2541 9
61 10
89 10
139 10
148 10
172 10
179 10
220 10
231 10
283 10
311 10
359 10
389 10
412 10
590 10
604 10
626 10
631 10
643 10
676 10
803 10
839 10
863 10
886 10
906 10
941 10
962 10
1093 10
1169 10
1277 10
1367 10
1382 10
1385 10
1441 10
1443 10
1445 10
1748 10
1753 10
1825 10
2062 10
2064 10
2112 10
2181 10
40 11
66 11
72 11
75 11
77 11
78 11
122 11
233 11
234 11
253 11
264 11
285 11
306 11
323 11
332 11
344 11
438 11
442 11
447 11
454 11
490 11
501 11
523 11
539 11
603 11
616 11
632 11
690 11
862 11
940 11
1370 11
1822 11
1824 11
2110 11
2182 11
2183 11
52 12
123 12
125 12
136 12
146 12
152 12
227 12
292 12
308 12
350 12
360 12
362 12
405 12
433 12
439 12
446 12
448 12
451 12
492 12
494 12
495 12
497 12
524 12
531 12
538 12
776 12
854 12
885 12
958 12
1239 12
1275 12
1312 12
1371 12
1380 12
1636 12
2041 12
2047 12
2057 12
2061 12
2098 12
2113 12
14 13
363 13
460 13
820 13
831 13
931 13
1025 13
1041 13
1042 13
1136 13
1140 13
1144 13
1146 13
1150 13
1191 13
1206 13
1210 13
1229 13
1255 13
1298 13
1340 13
1390 13
1391 13
1397 13
1412 13
1435 13
1463 13
1485 13
1492 13
1508 13
1534 13
1552 13
1580 13
1596 13
1707 13
1800 13
1801 13
1826 13
1848 13
1853 13
1854 13
1870 13
1871 13
1915 13
1931 13
2001 13
2194 13
2195 13
2240 13
2303 13
2312 13
2319 13
2339 13
2384 13
2386 13
2425 13
2486 13
2500 13
2523 13
401 14
475 14
480 14
818 14
823 14
1011 14
1026 14
1029 14
1113 14
1137 14
1154 14
1258 14
1365 14
1474 14
1502 14
1503 14
1509 14
1568 14
1598 14
1612 14
1701 14
1702 14
1740 14
1775 14
1776 14
1806 14
1815 14
1855 14
1856 14
1880 14
2253 14
2305 14
2308 14
2310 14
2323 14
2383 14
2401 14
2438 14
2515 14
2542 14
165 15
277 15
548 15
550 15
552 15
789 15
847 15
936 15
1038 15
1079 15
1115 15
1124 15
1181 15
1252 15
1261 15
1300 15
1327 15
1350 15
1398 15
1399 15
1405 15
1418 15
1422 15
1429 15
1431 15
1432 15
1483 15
1530 15
1666 15
1734 15
1738 15
1770 15
1798 15
1816 15
1817 15
1834 15
1905 15
2142 15
2189 15
2228 15
2276 15
2284 15
2391 15
2405 15
2416 15
2423 15
2522 15
374 16
400 16
468 16
472 16
951 16
953 16
986 16
996 16
1036 16
1153 16
1184 16
1304 16
1315 16
1358 16
1393 16
1450 16
1451 16
1515 16
1592 16
1760 16
1787 16
1793 16
1794 16
1795 16
1837 16
2103 16
2210 16
2380 16
2397 16
2399 16
2406 16
2409 16
2419 16
2430 16
2434 16
2439 16
2458 16
2496 16
33 17
39 17
41 17
47 17
57 17
67 17
69 17
157 17
173 17
174 17
180 17
196 17
201 17
223 17
239 17
252 17
265 17
291 17
294 17
295 17
300 17
337 17
351 17
361 17
380 17
502 17
503 17
562 17
564 17
567 17
587 17
596 17
611 17
612 17
619 17
622 17
630 17
646 17
667 17
670 17
671 17
687 17
689 17
691 17
713 17
731 17
782 17
801 17
816 17
850 17
872 17
891 17
892 17
893 17
954 17
960 17
968 17
1212 17
1383 17
1634 17
1728 17
1819 17
2044 17
2093 17
2094 17
2096 17
2097 17
2111 17
2176 17
2186 17
2187 17
1 18
2 18
369 18
436 18
437 18
457 18
461 18
462 18
481 18
735 18
738 18
808 18
822 18
844 18
933 18
969 18
971 18
990 18
997 18
1049 18
1052 18
1055 18
1056 18
1103 18
1127 18
1234 18
1253 18
1260 18
1297 18
1301 18
1308 18
1334 18
1346 18
1349 18
1400 18
1406 18
1425 18
1480 18
1511 18
1514 18
1519 18
1567 18
1601 18
1613 18
1652 18
1654 18
1660 18
1694 18
1737 18
1757 18
1783 18
1808 18
1812 18
1829 18
1859 18
1865 18
1888 18
1891 18
1975 18
2153 18
2154 18
2156 18
2168 18
2173 18
2213 18
2266 18
2269 18
2296 18
2343 18
2407 18
2418 18
2426 18
366 19
435 19
970 19
992 19
1102 19
1108 19
1129 19
1271 19
1294 19
1321 19
1329 19
1332 19
1469 19
1484 19
1560 19
1595 19
1600 19
1628 19
1650 19
1695 19
1704 19
1739 19
1745 19
1778 19
1850 19
1867 19
1889 19
1906 19
1912 19
1992 19
1993 19
2013 19
2146 19
2206 19
2227 19
2229 19
2250 19
2254 19
2273 19
2281 19
2283 19
2358 19
2470 19
2479 19
2509 19
2539 19
444 20
484 20
826 20
925 20
1012 20
1034 20
1182 20
1231 20
1317 20
1387 20
1471 20
1491 20
1541 20
1547 20
1555 20
1564 20
1629 20
1679 20
1699 20
1700 20
1761 20
1810 20
1846 20
1851 20
1864 20
1866 20
1881 20
1892 20
1919 20
1932 20
1933 20
1935 20
1956 20
1984 20
1991 20
2004 20
2020 20
2036 20
2100 20
2139 20
2152 20
2218 20
2221 20
2244 20
2321 20
2330 20
2335 20
2497 20
2511 20
2543 20
255 21
271 21
402 21
476 21
584 21
710 21
934 21
950 21
979 21
1145 21
1194 21
1199 21
1209 21
1272 21
1273 21
1396 21
1402 21
1415 21
1458 21
1473 21
1512 21
1524 21
1543 21
1563 21
1573 21
1743 21
1766 21
1768 21
1785 21
1799 21
1809 21
1839 21
1860 21
1922 21
1928 21
1930 21
1943 21
1954 21
2169 21
2198 21
2201 21
2245 21
2246 21
2255 21
2258 21
2263 21
2275 21
2298 21
2313 21
2324 21
2325 21
2327 21
2336 21
2344 21
2374 21
2400 21
2436 21
2460 21
2465 21
2526 21
2527 21
2529 21
2534 21
2535 21
23 22
25 22
48 22
49 22
58 22
115 22
193 22
240 22
310 22
327 22
418 22
429 22
466 22
498 22
542 22
684 22
724 22
725 22
727 22
762 22
763 22
766 22
768 22
772 22
788 22
848 22
927 22
1076 22
1101 22
1219 22
1228 22
1281 22
1287 22
1291 22
1427 22
1472 22
1618 22
1625 22
1662 22
1827 22
2019 22
2138 22
2264 22
2277 22
194 23
200 23
211 23
212 23
221 23
287 23
309 23
534 23
674 23
677 23
685 23
711 23
717 23
748 23
749 23
750 23
761 23
765 23
781 23
938 23
939 23
981 23
1089 23
1090 23
1095 23
1105 23
1283 23
1369 23
1377 23
1659 23
1665 23
1677 23
1872 23
1961 23
2002 23
2014 23
2031 23
2109 23
2130 23
2174 23
2243 23
2376 23
105 24
126 24
145 24
163 24
185 24
235 24
290 24
303 24
383 24
411 24
489 24
547 24
606 24
728 24
760 24
770 24
943 24
976 24
980 24
1003 24
1032 24
1057 24
1091 24
1244 24
1318 24
1320 24
1476 24
1478 24
1644 24
1807 24
1835 24
2050 24
2104 24
2119 24
2124 24
2145 24
2340 24
46 25
56 25
88 25
93 25
103 25
130 25
131 25
134 25
171 25
191 25
202 25
307 25
339 25
397 25
417 25
419 25
430 25
456 25
522 25
586 25
637 25
651 25
673 25
701 25
704 25
714 25
718 25
722 25
729 25
746 25
753 25
754 25
755 25
758 25
767 25
777 25
780 25
794 25
797 25
799 25
812 25
899 25
1019 25
1087 25
1167 25
1168 25
1173 25
1203 25
1237 25
1278 25
1646 25
1727 25
1730 25
2091 25
2126 25
465 26
741 26
833 26
1005 26
1064 26
1077 26
1138 26
1324 26
1465 26
1489 26
1517 26
1574 26
1582 26
1584 26
1586 26
1606 26
1620 26
1693 26
1712 26
1713 26
1715 26
1719 26
1720 26
1722 26
1861 26
1927 26
1946 26
1963 26
1969 26
1974 26
1976 26
1977 26
1978 26
1983 26
2235 26
2322 26
2326 26
2342 26
2348 26
2449 26
2455 26
2477 26
2483 26
85 27
96 27
133 27
204 27
315 27
381 27
387 27
392 27
393 27
514 27
517 27
576 27
591 27
635 27
640 27
649 27
660 27
702 27
719 27
733 27
742 27
744 27
757 27
769 27
796 27
858 27
1018 27
1171 27
1235 27
1265 27
1266 27
1732 27
1733 27
1820 27
2078 27
2084 27
2117 27
274 28
276 28
280 28
599 28
662 28
666 28
998 28
1002 28
1063 28
1067 28
1068 28
1142 28
1364 28
1395 28
1542 28
1557 28
1561 28
1569 28
1579 28
1583 28
1587 28
1610 28
1624 28
1680 28
1718 28
1828 28
1971 28
1986 28
2033 28
2241 28
2286 28
2444 28
2445 28
2452 28
2456 28
2481 28
2492 28
2495 28
26 29
36 29
83 29
90 29
92 29
98 29
99 29
111 29
129 29
154 29
178 29
189 29
190 29
216 29
228 29
262 29
316 29
426 29
427 29
431 29
432 29
453 29
511 29
512 29
518 29
569 29
570 29
571 29
573 29
589 29
639 29
648 29
656 29
658 29
661 29
721 29
743 29
759 29
790 29
792 29
793 29
798 29
836 29
879 29
905 29
916 29
1092 29
1158 29
1200 29
1204 29
1238 29
1448 29
1637 29
1641 29
1642 29
1649 29
1729 29
2087 29
21 30
273 30
434 30
819 30
1006 30
1047 30
1069 30
1073 30
1139 30
1155 30
1421 30
1520 30
1575 30
1577 30
1605 30
1608 30
1611 30
1623 30
1630 30
1653 30
1709 30
1710 30
1714 30
1716 30
1717 30
1721 30
1746 30
1788 30
1908 30
1964 30
1968 30
2223 30
2280 30
2318 30
2337 30
2347 30
2459 30
2464 30
2469 30
2484 30
17 31
20 31
24 31
50 31
53 31
60 31
63 31
97 31
118 31
159 31
161 31
186 31
245 31
275 31
298 31
317 31
331 31
356 31
372 31
424 31
467 31
491 31
510 31
513 31
528 31
530 31
554 31
615 31
681 31
845 31
846 31
911 31
912 31
913 31
915 31
1031 31
1054 31
1121 31
1221 31
1279 31
1307 31
1420 31
1428 31
1439 31
1553 31
1747 31
2011 31
2026 31
2051 31
2070 31
2101 31
2108 31
2122 31
2131 31
2357 31
2377 31
64 32
76 32
79 32
114 32
128 32
207 32
247 32
250 32
319 32
386 32
500 32
508 32
535 32
555 32
574 32
834 32
926 32
964 32
1014 32
1099 32
1111 32
1125 32
1288 32
1416 32
1466 32
1470 32
1863 32
2025 32
2076 32
2107 32
2121 32
2180 32
2361 32
2363 32
2448 32
2476 32
10 33
11 33
55 33
80 33
82 33
84 33
119 33
140 33
205 33
218 33
249 33
263 33
318 33
326 33
328 33
329 33
330 33
341 33
440 33
499 33
507 33
537 33
553 33
624 33
723 33
764 33
783 33
810 33
876 33
908 33
909 33
914 33
1046 33
1088 33
1118 33
1214 33
1438 33
1643 33
1674 33
1754 33
1792 33
2024 33
2027 33
2147 33
2178 33
2190 33
2352 33
2382 33
2442 33
2475 33
37 34
65 34
113 34
213 34
217 34
289 34
338 34
559 34
623 34
654 34
870 34
1066 34
1075 34
1119 34
1165 34
1248 34
1284 34
1313 34
1330 34
1433 34
1536 34
1874 34
1895 34
1934 34
2018 34
2022 34
2037 34
2049 34
2059 34
2072 34
2118 34
2120 34
2125 34
2163 34
2191 34
2200 34
2346 34
2360 34
