16 0
17 0
362 0
444 0
453 0
520 0
606 0
679 0
769 0
808 0
908 0
965 0
986 0
1068 0
1087 0
1098 0
1112 0
1143 0
1263 0
1469 0
1482 0
1513 0
1541 0
1543 0
1555 0
1577 0
1589 0
1698 0
1748 0
1821 0
1839 0
1850 0
1944 0
1952 0
1992 0
2019 0
2090 0
2109 0
2114 0
2119 0
2121 0
2166 0
2209 0
2252 0
2264 0
2291 0
2305 0
2316 0
2454 0
2484 0
2509 0
2511 0
2517 0
2522 0
2526 0
2530 0
2547 0
2551 0
2576 0
2635 0
2651 0
2768 0
2776 0
2819 1
2843 1
2858 1
2860 1
766 1
849 1
852 1
884 1
889 1
1093 1
1142 1
1181 1
1216 1
1284 1
1409 1
1456 1
1527 1
1629 1
1678 1
2116 1
2136 1
2160 1
2183 1
2196 1
2240 1
2290 1
2346 1
2381 1
2424 1
2439 1
2447 1
2507 1
2572 1
2619 1
2644 1
2721 1
2746 1
2808 1
2833 1
2839 1
138 2
266 2
499 2
856 2
1116 2
1202 2
1351 2
1450 2
1557 2
1639 2
1641 2
1642 2
1652 2
1681 2
1684 2
1732 2
1811 2
1818 2
1837 2
1863 2
1869 2
1973 2
1977 2
1980 2
1999 2
2036 2
2068 2
2165 2
2302 2
2342 2
2423 2
2459 2
2491 2
2495 2
2617 2
2656 2
2723 2
2727 2
2834 2
2847 2
2862 2
2 3
247 3
248 3
373 3
375 3
436 3
450 3
452 3
502 3
515 3
516 3
813 3
858 3
888 3
969 3
1030 3
1031 3
1032 3
1044 3
1048 3
1056 3
1081 3
1106 3
1109 3
1187 3
1192 3
1204 3
1229 3
1231 3
1316 3
1350 3
1438 3
1439 3
1440 3
1478 3
1479 3
1489 3
1521 3
1576 3
1588 3
1592 3
1595 3
1646 3
1664 3
1674 3
1680 3
1816 3
1822 3
1844 3
1848 3
1875 3
1998 3
2017 3
2145 3
2150 3
2172 3
2188 3
2189 3
2267 3
2293 3
2297 3
2299 3
2352 3
2442 3
2557 3
2608 3
2627 3
2629 3
2715 3
2716 3
2773 3
2827 3
2844 3
24 4
31 4
37 4
149 4
175 4
202 4
225 4
228 4
229 4
269 4
277 4
346 4
349 4
421 4
469 4
549 4
570 4
571 4
620 4
662 4
701 4
715 4
722 4
793 4
838 4
900 4
971 4
976 4
1007 4
1019 4
1249 4
1431 4
1464 4
1498 4
1510 4
2052 4
2318 4
2335 4
2370 4
2371 4
2377 4
2398 4
2414 4
2466 4
30 5
32 5
94 5
102 5
125 5
214 5
232 5
235 5
292 5
316 5
332 5
345 5
347 5
379 5
393 5
394 5
464 5
466 5
471 5
482 5
534 5
544 5
585 5
626 5
630 5
639 5
640 5
641 5
654 5
663 5
677 5
720 5
895 5
943 5
993 5
1021 5
1074 5
1243 5
1331 5
1333 5
1383 5
1491 5
1494 5
1500 5
1507 5
1509 5
2049 5
2340 5
2362 5
25 6
41 6
82 6
87 6
89 6
90 6
116 6
122 6
123 6
155 6
172 6
173 6
190 6
193 6
208 6
271 6
288 6
325 6
327 6
432 6
483 6
582 6
670 6
710 6
712 6
727 6
732 6
733 6
792 6
797 6
839 6
842 6
874 6
891 6
899 6
944 6
1147 6
1149 6
1152 6
1153 6
1342 6
1345 6
1372 6
1377 6
1399 6
1406 6
1506 6
1778 6
1781 6
2363 6
2375 6
2402 6
2407 6
2473 6
49 7
54 7
56 7
84 7
95 7
96 7
100 7
104 7
118 7
152 7
168 7
203 7
211 7
216 7
220 7
274 7
311 7
312 7
314 7
333 7
338 7
412 7
413 7
426 7
442 7
462 7
528 7
564 7
586 7
592 7
608 7
615 7
632 7
667 7
726 7
743 7
749 7
761 7
764 7
798 7
841 7
871 7
878 7
916 7
933 7
1008 7
1174 7
1196 7
1241 7
1250 7
1379 7
1460 7
1463 7
1495 7
1502 7
1789 7
1799 7
1927 7
1958 7
1963 7
2358 7
2361 7
2472 7
145 8
279 8
485 8
487 8
513 8
910 8
1051 8
1072 8
1100 8
1260 8
1281 8
1348 8
1467 8
1484 8
1514 8
1520 8
1522 8
1532 8
1535 8
1578 8
1645 8
1687 8
1745 8
1813 8
1819 8
1896 8
1938 8
2033 8
2101 8
2233 8
2261 8
2280 8
2310 8
2419 8
2452 8
2460 8
2461 8
2594 8
2606 8
2641 8
2691 8
2711 8
2725 8
2729 8
2831 8
2842 8
2859 8
283 9
368 9
448 9
489 9
503 9
518 9
602 9
854 9
855 9
904 9
966 9
977 9
1003 9
1096 9
1097 9
1140 9
1164 9
1203 9
1269 9
1270 9
1282 9
1359 9
1389 9
1392 9
1458 9
1459 9
1515 9
1574 9
1611 9
1640 9
1688 9
1735 9
1900 9
1942 9
1945 9
2002 9
2025 9
2027 9
2067 9
2078 9
2080 9
2081 9
2099 9
2113 9
2148 9
2169 9
2173 9
2177 9
2179 9
2230 9
2231 9
2278 9
2301 9
2433 9
2462 9
2506 9
2521 9
2546 9
2580 9
2589 9
2597 9
2610 9
2639 9
2646 9
2678 9
2682 9
2753 9
2769 9
2821 9
2824 9
2850 9
144 10
280 10
403 10
1029 10
1036 10
1038 10
1064 10
1200 10
1361 10
1512 10
1545 10
1635 10
1658 10
1665 10
1671 10
1677 10
1685 10
1703 10
1755 10
1826 10
1838 10
1974 10
2030 10
2072 10
2083 10
2097 10
2164 10
2270 10
2306 10
2451 10
2456 10
2497 10
2519 10
2599 10
2637 10
2760 10
2763 10
2817 10
2836 10
2852 10
251 11
361 11
366 11
372 11
486 11
506 11
507 11
771 11
886 11
1037 11
1124 11
1225 11
1352 11
1415 11
1419 11
1530 11
1552 11
1564 11
1602 11
1621 11
1623 11
1740 11
1807 11
1851 11
1866 11
1899 11
2021 11
2061 11
2071 11
2082 11
2124 11
2152 11
2168 11
2199 11
2566 11
2654 11
2671 11
2759 11
2762 11
2856 11
15 12
142 12
358 12
490 12
511 12
1084 12
1101 12
1114 12
1208 12
1233 12
1321 12
1420 12
1449 12
1475 12
1480 12
1524 12
1549 12
1559 12
1570 12
1599 12
1601 12
1661 12
1739 12
1815 12
1867 12
1881 12
1921 12
2031 12
2037 12
2053 12
2076 12
2111 12
2159 12
2201 12
2228 12
2351 12
2389 12
2427 12
2482 12
2490 12
2536 12
2539 12
2565 12
2609 12
2650 12
2689 12
2815 12
2867 12
26 13
40 13
44 13
50 13
57 13
58 13
59 13
85 13
107 13
117 13
129 13
165 13
217 13
291 13
295 13
313 13
318 13
342 13
344 13
353 13
395 13
423 13
424 13
441 13
454 13
456 13
472 13
525 13
526 13
531 13
538 13
542 13
546 13
617 13
625 13
628 13
642 13
646 13
708 13
718 13
754 13
776 13
782 13
825 13
831 13
872 13
877 13
915 13
931 13
937 13
963 13
972 13
988 13
1312 13
1343 13
1368 13
1369 13
1374 13
1435 13
1954 13
2046 13
2321 13
2380 13
2413 13
2464 13
2468 13
2476 13
29 14
46 14
79 14
97 14
112 14
119 14
137 14
146 14
147 14
151 14
163 14
167 14
174 14
187 14
196 14
197 14
205 14
206 14
270 14
276 14
315 14
341 14
351 14
355 14
381 14
382 14
389 14
399 14
411 14
425 14
443 14
461 14
463 14
468 14
475 14
478 14
532 14
552 14
575 14
614 14
633 14
664 14
673 14
707 14
728 14
744 14
784 14
843 14
876 14
892 14
911 14
927 14
930 14
953 14
990 14
996 14
1010 14
1012 14
1020 14
1172 14
1236 14
1304 14
1306 14
1335 14
1337 14
1338 14
1378 14
1386 14
1395 14
1433 14
1462 14
1583 14
1777 14
1784 14
1957 14
1960 14
2051 14
2336 14
2364 14
2366 14
2393 14
2396 14
2400 14
2411 14
2474 14
263 15
406 15
500 15
510 15
562 15
868 15
882 15
905 15
1035 15
1041 15
1050 15
1053 15
1089 15
1123 15
1182 15
1234 15
1441 15
1537 15
1550 15
1554 15
1573 15
1709 15
1809 15
1969 15
2092 15
2103 15
2158 15
2211 15
2347 15
2422 15
2428 15
2437 15
2554 15
2568 15
2616 15
2698 15
2739 15
2771 15
2814 15
2820 15
2840 15
2855 15
2863 15
6 16
364 16
401 16
559 16
604 16
683 16
697 16
870 16
983 16
987 16
999 16
1027 16
1043 16
1057 16
1070 16
1166 16
1190 16
1230 16
1232 16
1272 16
1303 16
1315 16
1353 16
1411 16
1412 16
1423 16
1425 16
1561 16
1568 16
1591 16
1615 16
1616 16
1633 16
1648 16
1651 16
1712 16
1715 16
1747 16
1824 16
1833 16
1914 16
1935 16
1967 16
1982 16
1989 16
1997 16
2007 16
2012 16
2022 16
2023 16
2070 16
2086 16
2093 16
2126 16
2139 16
2140 16
2223 16
2226 16
2296 16
2303 16
2430 16
2446 16
2488 16
2493 16
2494 16
2512 16
2524 16
2534 16
2553 16
2663 16
2686 16
2694 16
2704 16
2722 16
2738 16
2741 16
2742 16
2751 16
2758 16
2786 16
2829 16
2830 16
2838 16
508 17
767 17
811 17
814 17
1061 17
1091 17
1183 17
1268 17
1273 17
1276 17
1285 17
1355 17
1422 17
1444 17
1452 17
1528 17
1571 17
1606 17
1609 17
1612 17
1622 17
1628 17
1672 17
1741 17
1804 17
1855 17
1859 17
2014 17
2034 17
2043 17
2066 17
2069 17
2074 17
2106 17
2193 17
2311 17
2314 17
2478 17
2573 17
2695 17
2702 17
2712 17
2719 17
2732 17
2841 17
2849 17
5 18
21 18
492 18
498 18
560 18
810 18
866 18
869 18
902 18
1001 18
1054 18
1065 18
1145 18
1161 18
1167 18
1211 18
1218 18
1227 18
1228 18
1264 18
1267 18
1298 18
1421 18
1427 18
1442 18
1518 18
1533 18
1534 18
1542 18
1596 18
1597 18
1603 18
1617 18
1627 18
1666 18
1767 18
1802 18
1834 18
1842 18
1902 18
1934 18
1976 18
1994 18
2005 18
2040 18
2055 18
2058 18
2063 18
2075 18
2095 18
2112 18
2141 18
2207 18
2208 18
2214 18
2266 18
2269 18
2383 18
2385 18
2441 18
2504 18
2596 18
2612 18
2660 18
2697 18
2713 18
2718 18
2730 18
2735 18
2743 18
2747 18
2822 18
36 19
39 19
114 19
126 19
159 19
215 19
234 19
322 19
331 19
376 19
473 19
533 19
569 19
581 19
597 19
619 19
637 19
724 19
783 19
801 19
912 19
917 19
921 19
922 19
1005 19
1024 19
1025 19
1176 19
1309 19
1340 19
1398 19
1437 19
1511 19
1775 19
1783 19
1795 19
2327 19
2328 19
2338 19
2360 19
2463 19
45 20
53 20
110 20
120 20
128 20
179 20
224 20
230 20
244 20
272 20
278 20
337 20
340 20
343 20
458 20
459 20
465 20
565 20
576 20
578 20
595 20
596 20
636 20
649 20
666 20
757 20
826 20
827 20
898 20
928 20
959 20
1237 20
1253 20
1258 20
1311 20
1375 20
1382 20
1385 20
1407 20
1408 20
1956 20
2330 20
2331 20
2369 20
2391 20
140 21
238 21
262 21
407 21
601 21
844 21
984 21
1046 21
1086 21
1169 21
1226 21
1278 21
1279 21
1301 21
1302 21
1317 21
1320 21
1358 21
1387 21
1391 21
1451 21
1453 21
1558 21
1594 21
1656 21
1750 21
1832 21
1847 21
1852 21
1871 21
1872 21
1876 21
1991 21
1996 21
2000 21
2120 21
2133 21
2134 21
2142 21
2167 21
2170 21
2198 21
2416 21
2426 21
2431 21
2435 21
2457 21
2480 21
2500 21
2518 21
2542 21
2605 21
2625 21
2634 21
2645 21
2647 21
2667 21
2688 21
2700 21
2709 21
2734 21
2745 21
2775 21
2779 21
2797 21
2804 21
2846 21
3 22
259 22
600 22
605 22
740 22
832 22
834 22
835 22
1094 22
1115 22
1120 22
1139 22
1168 22
1188 22
1207 22
1274 22
1287 22
1318 22
1328 22
1349 22
1354 22
1417 22
1424 22
1447 22
1468 22
1473 22
1526 22
1538 22
1620 22
1626 22
1689 22
1701 22
1742 22
1806 22
1814 22
1882 22
1884 22
1891 22
1905 22
1925 22
1936 22
1941 22
1946 22
1968 22
1975 22
2003 22
2028 22
2042 22
2087 22
2089 22
2127 22
2131 22
2137 22
2153 22
2155 22
2190 22
2204 22
2238 22
2242 22
2243 22
2244 22
2263 22
2273 22
2348 22
2350 22
2356 22
2357 22
2449 22
2458 22
2486 22
2538 22
2555 22
2562 22
2598 22
2611 22
2621 22
2640 22
2783 22
2792 22
2853 22
2865 22
237 23
250 23
370 23
402 23
435 23
682 23
981 23
1110 23
1160 23
1195 23
1222 23
1262 23
1286 23
1466 23
1566 23
1625 23
1634 23
1653 23
1694 23
1707 23
1744 23
1825 23
1845 23
1870 23
1874 23
1879 23
1924 23
1950 23
1951 23
1979 23
1985 23
1987 23
2029 23
2054 23
2085 23
2098 23
2117 23
2146 23
2180 23
2186 23
2284 23
2345 23
2354 23
2485 23
2515 23
2528 23
2531 23
2537 23
2545 23
2561 23
2567 23
2601 23
2623 23
2653 23
2659 23
2670 23
2672 23
2677 23
2683 23
2684 23
2701 23
2726 23
2737 23
2750 23
2754 23
2755 23
2766 23
2794 23
2813 23
2816 23
10 24
254 24
736 24
768 24
837 24
909 24
1033 24
1104 24
1113 24
1118 24
1119 24
1223 24
1266 24
1299 24
1323 24
1325 24
1393 24
1430 24
1445 24
1490 24
1517 24
1563 24
1614 24
1636 24
1637 24
1655 24
1669 24
1736 24
1738 24
1760 24
1803 24
1805 24
1808 24
1878 24
1887 24
1889 24
1897 24
1940 24
1966 24
1971 24
2009 24
2018 24
2026 24
2064 24
2122 24
2132 24
2157 24
2171 24
2185 24
2191 24
2202 24
2205 24
2514 24
2540 24
2558 24
2564 24
2575 24
2604 24
2615 24
2642 24
2658 24
2661 24
18 25
51 25
66 25
115 25
157 25
186 25
191 25
227 25
243 25
298 25
308 25
335 25
336 25
357 25
408 25
433 25
434 25
480 25
535 25
555 25
647 25
676 25
755 25
861 25
864 25
880 25
897 25
918 25
935 25
948 25
982 25
1127 25
1135 25
1148 25
1156 25
1184 25
1246 25
1291 25
1305 25
1308 25
1327 25
1396 25
1454 25
1547 25
1586 25
1608 25
1670 25
1788 25
2143 25
2212 25
2224 25
2254 25
2276 25
2286 25
2332 25
2388 25
2404 25
2444 25
2445 25
2503 25
2543 25
2579 25
2582 25
2602 25
2613 25
2662 25
2666 25
2673 25
2675 25
2676 25
23 26
105 26
161 26
178 26
181 26
233 26
240 26
249 26
265 26
307 26
431 26
446 26
494 26
550 26
551 26
577 26
645 26
650 26
674 26
700 26
717 26
906 26
932 26
945 26
947 26
950 26
951 26
995 26
1105 26
1158 26
1179 26
1185 26
1201 26
1380 26
1428 26
1486 26
1487 26
1861 26
1962 26
2115 26
2182 26
2217 26
2275 26
2292 26
2319 26
2382 26
2387 26
2405 26
2549 26
2631 26
2657 26
2801 26
8 27
43 27
67 27
99 27
148 27
153 27
183 27
192 27
222 27
223 27
241 27
296 27
310 27
321 27
371 27
491 27
493 27
495 27
540 27
561 27
621 27
631 27
695 27
714 27
863 27
914 27
942 27
968 27
974 27
991 27
1015 27
1022 27
1134 27
1137 27
1151 27
1198 27
1221 27
1254 27
1347 27
1390 27
1548 27
1551 27
1610 27
1676 27
1756 27
1948 27
2010 27
2237 27
2334 27
2353 27
2367 27
2395 27
2498 27
2560 27
2570 27
2632 27
2636 27
2692 27
2707 27
2710 27
19 28
76 28
135 28
184 28
209 28
221 28
252 28
255 28
268 28
377 28
385 28
397 28
404 28
419 28
476 28
504 28
574 28
588 28
610 28
659 28
706 28
711 28
751 28
753 28
778 28
789 28
796 28
803 28
848 28
924 28
956 28
1014 28
1126 28
1128 28
1146 28
1154 28
1205 28
1212 28
1238 28
1251 28
1330 28
1363 28
1366 28
1402 28
1605 28
1668 28
1711 28
1728 28
1780 28
1862 28
1885 28
1892 28
1894 28
2047 28
2232 28
2235 28
2248 28
2253 28
2288 28
2295 28
2778 28
2788 28
2791 28
2810 28
13 29
22 29
28 29
61 29
62 29
98 29
204 29
253 29
388 29
390 29
416 29
429 29
545 29
554 29
687 29
765 29
794 29
829 29
1131 29
1155 29
1247 29
1296 29
1313 29
1619 29
1632 29
1690 29
1693 29
1721 29
1764 29
1772 29
1791 29
1793 29
1797 29
1830 29
1909 29
1910 29
1918 29
1955 29
2048 29
2057 29
2094 29
2161 29
2175 29
2194 29
2325 29
2374 29
2401 29
2643 29
2770 29
2790 29
2803 29
2806 29
63 30
80 30
303 30
439 30
651 30
658 30
680 30
689 30
692 30
705 30
787 30
958 30
1016 30
1108 30
1163 30
1289 30
1293 30
1334 30
1365 30
1404 30
1485 30
1540 30
1659 30
1734 30
1762 30
1765 30
1769 30
1812 30
1828 30
1903 30
1907 30
2221 30
2239 30
2247 30
2249 30
2343 30
2585 30
2774 30
2780 30
2809 30
64 31
73 31
92 31
101 31
131 31
300 31
302 31
380 31
384 31
387 31
391 31
418 31
537 31
547 31
553 31
584 31
613 31
661 31
731 31
734 31
746 31
748 31
772 31
775 31
790 31
815 31
816 31
821 31
824 31
875 31
1013 31
1077 31
1078 31
1245 31
1248 31
1256 31
1288 31
1332 31
1497 31
1501 31
1504 31
1508 31
1584 31
1587 31
1790 31
1792 31
1796 31
1933 31
2045 31
2329 31
2372 31
2376 31
2378 31
2409 31
34 32
47 32
74 32
91 32
133 32
169 32
170 32
171 32
185 32
286 32
287 32
392 32
541 32
543 32
567 32
579 32
587 32
655 32
657 32
669 32
686 32
690 32
698 32
735 32
750 32
752 32
759 32
777 32
780 32
781 32
785 32
819 32
823 32
894 32
919 32
955 32
961 32
1018 32
1075 32
1076 32
1242 32
1295 32
1465 32
1786 32
1929 32
1931 32
14 33
356 33
359 33
622 33
681 33
737 33
860 33
1059 33
1063 33
1067 33
1095 33
1129 33
1171 33
1191 33
1213 33
1214 33
1696 33
1699 33
1700 33
1705 33
1714 33
1716 33
1718 33
1724 33
1730 33
1731 33
1752 33
1761 33
1766 33
1768 33
1853 33
1912 33
1915 33
1916 33
1919 33
2129 33
2219 33
2251 33
2257 33
2259 33
2260 33
2309 33
2571 33
2583 34
2592 34
2784 34
2798 34
2811 34
11 34
256 34
624 34
696 34
738 34
846 34
1193 34
1579 34
1607 34
1618 34
1719 34
1723 34
1725 34
1726 34
1749 34
1754 34
1771 34
1773 34
1857 34
1858 34
1864 34
1911 34
2060 34
2215 34
2236 34
2241 34
2246 34
2250 34
2255 34
2282 34
2502 34
2591 34
2595 34
2781 34
2805 34
