46 0
103 0
131 0
202 0
339 0
397 0
419 0
456 0
465 0
586 0
637 0
651 0
704 0
718 0
722 0
753 0
755 0
758 0
767 0
780 0
794 0
799 0
833 0
1005 0
1077 0
1173 0
1203 0
1237 0
1278 0
1324 0
1465 0
1517 0
1584 0
1586 0
1606 0
1646 0
1693 0
1715 0
1720 0
1727 0
1730 0
1927 0
1946 0
1963 0
1974 0
2091 0
2322 0
2449 0
2455 0
133 1
274 1
276 1
315 1
381 1
392 1
514 1
517 1
591 1
649 1
660 1
662 1
666 1
702 1
719 1
757 1
858 1
1002 1
1018 1
1067 1
1068 1
1142 1
1265 1
1364 1
1395 1
1542 1
1557 1
1561 1
1569 1
1587 1
1610 1
1624 1
1680 1
1733 1
1820 1
1971 1
1986 1
2033 1
2078 1
2084 1
2117 1
2286 1
2444 1
2456 1
2481 1
2492 1
2495 1
280 2
599 2
741 2
998 2
1063 2
1064 2
1138 2
1489 2
1574 2
1579 2
1582 2
1583 2
1620 2
1712 2
1713 2
1718 2
1719 2
1722 2
1828 2
1861 2
1969 2
1976 2
1977 2
1978 2
1983 2
2235 2
2241 2
2326 2
2342 2
2348 2
2445 2
2452 2
2477 2
2483 2
56 2
85 2
88 2
93 3
96 3
130 3
134 3
171 3
191 3
204 3
307 3
387 3
393 3
417 3
430 3
522 3
576 3
635 3
640 3
673 3
701 3
714 3
729 3
733 3
742 3
744 3
746 3
754 3
769 3
777 3
796 3
797 3
812 3
899 3
1019 3
1087 3
1167 3
1168 3
1171 3
1235 3
1266 3
1732 3
2126 3
26 4
36 4
83 4
90 4
92 4
98 4
99 4
111 4
129 4
154 4
178 4
189 4
190 4
216 4
228 4
262 4
316 4
426 4
427 4
431 4
432 4
453 4
511 4
512 4
518 4
569 4
570 4
571 4
573 4
589 4
639 4
648 4
656 4
658 4
661 4
721 4
743 4
759 4
790 4
792 4
793 4
798 4
836 4
879 4
905 4
916 4
1092 4
1158 4
1200 4
1204 4
1238 4
1448 4
1637 4
1641 4
1642 4
1649 4
1729 4
2087 4
21 5
273 5
434 5
819 5
1006 5
1047 5
1069 5
1073 5
1139 5
1155 5
1421 5
1520 5
1575 5
1577 5
1605 5
1608 5
1611 5
1623 5
1630 5
1653 5
1709 5
1710 5
1714 5
1716 5
1717 5
1721 5
1746 5
1788 5
1908 5
1964 5
1968 5
2223 5
2280 5
2318 5
2337 5
2347 5
2459 5
2464 5
2469 5
2484 5
17 6
20 6
24 6
50 6
53 6
60 6
63 6
97 6
118 6
159 6
161 6
186 6
245 6
275 6
298 6
317 6
331 6
356 6
372 6
424 6
467 6
491 6
510 6
513 6
528 6
530 6
554 6
615 6
681 6
845 6
846 6
911 6
912 6
913 6
915 6
1031 6
1054 6
1121 6
1221 6
1279 6
1307 6
1420 6
1428 6
1439 6
1553 6
1747 6
2011 6
2026 6
2051 6
2070 6
2101 6
2108 6
2122 6
2131 6
2357 6
2377 6
64 7
76 7
79 7
114 7
128 7
207 7
247 7
250 7
319 7
386 7
500 7
508 7
535 7
555 7
574 7
834 7
926 7
964 7
1014 7
1099 7
1111 7
1125 7
1288 7
1416 7
1466 7
1470 7
1863 7
2025 7
2076 7
2107 7
2121 7
2180 7
2361 7
2363 7
2448 7
2476 7
10 8
11 8
55 8
80 8
82 8
84 8
119 8
140 8
205 8
218 8
249 8
263 8
318 8
326 8
328 8
329 8
330 8
341 8
440 8
499 8
507 8
537 8
553 8
624 8
723 8
764 8
783 8
810 8
876 8
908 8
909 8
914 8
1046 8
1088 8
1118 8
1214 8
1438 8
1643 8
1674 8
1754 8
1792 8
2024 8
2027 8
2147 8
2178 8
2190 8
2352 8
2382 8
2442 8
2475 8
37 9
65 9
113 9
213 9
217 9
289 9
338 9
559 9
623 9
654 9
870 9
1066 9
1075 9
1119 9
1165 9
1248 9
1284 9
1313 9
1330 9
1433 9
1536 9
1874 9
1895 9
1934 9
2018 9
2022 9
2037 9
2049 9
2059 9
2072 9
2118 9
2120 9
2125 9
2163 9
2191 9
2200 9
2346 9
2360 9
3 10
18 10
459 10
582 10
585 10
655 10
709 10
1022 10
1039 10
1040 10
1149 10
1151 10
1227 10
1286 10
1354 10
1619 10
1705 10
1769 10
1868 10
1875 10
1882 10
1883 10
1972 10
1987 10
2028 10
2144 10
2148 10
2164 10
2167 10
2193 10
2216 10
2239 10
2252 10
2290 10
2309 10
2334 10
2341 10
2356 10
2507 10
2541 10
399 11
485 11
597 11
804 11
972 11
973 11
994 11
1001 11
1098 11
1112 11
1362 11
1409 11
1434 11
1456 11
1461 11
1504 11
1507 11
1539 11
1581 11
1684 11
1724 11
1774 11
1841 11
1887 11
1940 11
1952 11
1957 11
1988 11
1989 11
2003 11
2015 11
2137 11
2172 11
2207 11
2232 11
2234 11
2257 11
2259 11
2260 11
2287 11
2328 11
2365 11
2370 11
2387 11
2398 11
2427 11
2432 11
2440 11
2441 11
2463 11
2506 11
2521 11
2525 11
377 12
403 12
464 12
474 12
478 12
736 12
737 12
829 12
832 12
993 12
1060 12
1082 12
1085 12
1116 12
1133 12
1141 12
1156 12
1178 12
1188 12
1196 12
1205 12
1224 12
1225 12
1259 12
1289 12
1352 12
1357 12
1423 12
1482 12
1532 12
1594 12
1616 12
1627 12
1688 12
1711 12
1772 12
1789 12
1813 12
1844 12
1845 12
1849 12
1937 12
1944 12
1945 12
1951 12
1958 12
1966 12
1985 12
1990 12
1994 12
2016 12
2069 12
2099 12
2160 12
2204 12
2205 12
2224 12
2230 12
2251 12
2306 12
2317 12
2353 12
2354 12
2373 12
2385 12
2512 12
2519 12
9 13
13 13
166 13
707 13
830 13
985 13
1007 13
1009 13
1083 13
1183 13
1190 13
1197 13
1348 13
1386 13
1394 13
1436 13
1505 13
1538 13
1682 13
1696 13
1706 13
1862 13
1878 13
1885 13
1903 13
1904 13
1967 13
1973 13
1981 13
1996 13
1999 13
2008 13
2009 13
2010 13
2203 13
2211 13
2238 13
2256 13
2345 13
2349 13
2394 13
2510 13
2540 13
12 14
370 14
375 14
664 14
988 14
1179 14
1180 14
1187 14
1226 14
1292 14
1404 14
1481 14
1540 14
1551 14
1554 14
1565 14
1683 14
1698 14
1773 14
1873 14
1907 14
1926 14
1941 14
1959 14
2248 14
2292 14
2355 14
2364 14
2366 14
2414 14
2420 14
2429 14
2462 14
2471 14
2487 14
2504 14
2518 14
2538 14
29 15
43 15
127 15
144 15
153 15
158 15
175 15
183 15
208 15
229 15
241 15
248 15
293 15
297 15
353 15
382 15
443 15
519 15
536 15
557 15
593 15
636 15
645 15
647 15
669 15
694 15
813 15
814 15
837 15
840 15
856 15
881 15
896 15
902 15
961 15
967 15
1172 15
1220 15
1247 15
1251 15
1276 15
1280 15
1337 15
1372 15
1378 15
1379 15
1381 15
1632 15
1633 15
1821 15
2079 15
2081 15
2085 15
2086 15
2088 15
2116 15
27 16
70 16
147 16
177 16
184 16
198 16
236 16
347 16
413 16
526 16
558 16
621 16
695 16
712 16
745 16
800 16
852 16
871 16
878 16
882 16
888 16
907 16
1104 16
1160 16
1161 16
1245 16
1249 16
1267 16
1282 16
1310 16
1335 16
1368 16
1638 16
1749 16
1823 16
2055 16
2056 16
2058 16
2083 16
2089 16
2127 16
2179 16
2185 16
30 17
31 17
32 17
34 17
42 17
45 17
120 17
121 17
137 17
138 17
142 17
151 17
176 17
238 17
268 17
301 17
312 17
340 17
342 17
345 17
355 17
407 17
421 17
425 17
455 17
504 17
516 17
560 17
568 17
581 17
588 17
592 17
618 17
650 17
672 17
696 17
698 17
752 17
841 17
843 17
851 17
860 17
874 17
880 17
889 17
965 17
966 17
1107 17
1157 17
1236 17
1243 17
1338 17
1645 17
2043 17
2045 17
2052 17
2063 17
2090 17
2184 17
272 18
368 18
470 18
483 18
541 18
705 18
982 18
983 18
1008 18
1072 18
1131 18
1230 18
1233 18
1256 18
1316 18
1453 18
1479 18
1496 18
1516 18
1572 18
1589 18
1631 18
1672 18
1678 18
1726 18
1755 18
1762 18
1779 18
1786 18
1858 18
1920 18
1950 18
2005 18
2021 18
2038 18
2129 18
2165 18
2166 18
2192 18
2208 18
2219 18
2293 18
2304 18
2332 18
2371 18
2390 18
2392 18
2411 18
2417 18
2435 18
2467 18
2513 18
2528 18
364 19
458 19
471 19
482 19
544 19
786 19
827 19
935 19
989 19
1071 19
1114 19
1185 19
1193 19
1323 19
1342 19
1392 19
1414 19
1417 19
1426 19
1452 19
1477 19
1493 19
1533 19
1537 19
1544 19
1607 19
1676 19
1832 19
1833 19
1852 19
1886 19
1898 19
1925 19
1929 19
1939 19
2141 19
2157 19
2162 19
2171 19
2233 19
2272 19
2295 19
5 20
6 20
167 20
373 20
477 20
488 20
549 20
598 20
600 20
807 20
921 20
977 20
984 20
1048 20
1051 20
1189 20
1290 20
1319 20
1322 20
1562 20
1651 20
1686 20
1759 20
1765 20
1805 20
1830 20
1836 20
1847 20
1897 20
1900 20
1921 20
1938 20
1960 20
1962 20
2066 20
2074 20
2267 20
2381 20
2413 20
2415 20
39 21
57 21
196 21
201 21
223 21
239 21
265 21
291 21
294 21
295 21
337 21
361 21
562 21
564 21
596 21
612 21
619 21
646 21
670 21
671 21
713 21
782 21
801 21
816 21
850 21
891 21
893 21
954 21
1634 21
1728 21
1819 21
2093 21
2094 21
2096 21
2097 21
2111 21
2186 21
2187 21
255 22
402 22
435 22
933 22
990 22
1012 22
1108 22
1294 22
1321 22
1332 22
1387 22
1458 22
1473 22
1563 22
1595 22
1628 22
1694 22
1700 22
1704 22
1739 22
1766 22
1799 22
1808 22
1850 22
1867 22
1930 22
1935 22
1956 22
2013 22
2146 22
2153 22
2168 22
2169 22
2198 22
2244 22
2245 22
2254 22
2275 22
2283 22
2327 22
2336 22
2374 22
2400 22
2436 22
2465 22
2470 22
2511 22
2527 22
437 23
735 23
934 23
979 23
1034 23
1049 23
1182 23
1209 23
1231 23
1260 23
1272 23
1273 23
1334 23
1415 23
1469 23
1480 23
1512 23
1524 23
1541 23
1543 23
1547 23
1564 23
1695 23
1783 23
1785 23
1809 23
1829 23
1839 23
1864 23
1865 23
1866 23
1922 23
1932 23
1975 23
1984 23
2004 23
2173 23
2213 23
2221 23
2258 23
2281 23
2313 23
2324 23
2344 23
738 24
822 24
826 24
925 24
997 24
1102 24
1145 24
1194 24
1271 24
1308 24
1402 24
1425 24
1471 24
1491 24
1511 24
1555 24
1567 24
1601 24
1629 24
1679 24
1699 24
1761 24
1810 24
1812 24
1846 24
1860 24
1881 24
1906 24
1919 24
1933 24
1943 24
1993 24
2020 24
2100 24
2139 24
2152 24
2154 24
2218 24
2227 24
2263 24
2330 24
2335 24
2418 24
2497 24
2534 24
2535 24
2543 24
1 25
47 25
69 25
173 25
174 25
351 25
366 25
457 25
462 25
481 25
584 25
689 25
710 25
808 25
844 25
950 25
969 25
992 25
1052 25
1055 25
1056 25
1127 25
1129 25
1349 25
1383 25
1400 25
1484 25
1514 25
1519 25
1613 25
1737 25
1745 25
1859 25
1888 25
1889 25
1928 25
1991 25
2036 25
2246 25
2250 25
2255 25
2296 25
2321 25
2325 25
2343 25
2460 25
2479 25
2509 25
2539 25
2 26
33 26
41 26
67 26
180 26
252 26
300 26
369 26
380 26
436 26
444 26
461 26
484 26
502 26
567 26
587 26
630 26
687 26
691 26
731 26
892 26
960 26
971 26
1103 26
1234 26
1253 26
1297 26
1301 26
1317 26
1346 26
1406 26
1652 26
1654 26
1660 26
1757 26
1851 26
1891 26
1892 26
2044 26
2156 26
2176 26
2266 27
2269 27
2407 27
2426 27
157 27
271 27
476 27
503 27
611 27
622 27
667 27
872 27
968 27
970 27
1199 27
1212 27
1329 27
1396 27
1560 27
1573 27
1600 27
1650 27
1743 27
1768 27
1778 27
1912 27
1954 27
1992 27
2201 27
2206 27
2229 27
2273 27
2298 27
2358 27
2526 27
2529 27
61 28
66 28
72 28
75 28
122 28
136 28
139 28
146 28
148 28
172 28
179 28
227 28
283 28
285 28
323 28
332 28
350 28
360 28
442 28
446 28
454 28
490 28
494 28
495 28
501 28
548 28
550 28
603 28
690 28
789 28
862 28
863 28
951 28
953 28
1036 28
1239 28
1300 28
1312 28
1371 28
1380 28
1398 28
1399 28
1405 28
1431 28
1432 28
1508 28
1592 28
1738 28
1760 28
1770 28
1834 28
2041 28
2057 28
2061 28
2183 28
2228 28
2405 28
2522 28
125 29
165 29
264 29
277 29
292 29
308 29
362 29
374 29
433 29
468 29
472 29
497 29
523 29
524 29
632 29
776 29
885 29
936 29
940 29
986 29
996 29
1038 29
1153 29
1181 29
1184 29
1252 29
1261 29
1275 29
1358 29
1370 29
1450 29
1483 29
1515 29
1666 29
1793 29
1794 29
1795 29
1817 29
1824 29
1905 29
2047 29
2098 29
2103 29
2210 29
2284 29
2380 29
2391 29
2397 29
2406 29
2409 29
2416 29
2419 29
2423 29
2430 29
2434 29
2458 29
2496 29
359 30
389 30
401 30
480 30
643 30
818 30
823 30
886 30
941 30
1011 30
1026 30
1029 30
1113 30
1154 30
1258 30
1365 30
1382 30
1441 30
1443 30
1445 30
1474 30
1502 30
1503 30
1509 30
1568 30
1612 30
1701 30
1702 30
1740 30
1775 30
1776 30
1806 30
1815 30
1825 30
1855 30
1856 30
1880 30
2064 30
2253 30
2305 30
2308 30
2310 30
2323 30
2401 30
2438 30
2515 30
2542 30
14 31
89 31
220 31
231 31
311 31
363 31
412 31
460 31
626 31
631 31
676 31
803 31
820 31
931 31
1025 31
1041 31
1042 31
1136 31
1140 31
1146 31
1169 31
1191 31
1206 31
1229 31
1255 31
1277 31
1298 31
1340 31
1367 31
1390 31
1397 31
1485 31
1492 31
1552 31
1580 31
1596 31
1707 31
1748 31
1753 31
1800 31
1801 31
1826 31
1853 31
1871 31
1915 31
1931 31
2001 31
2195 31
2240 31
2339 31
2384 31
2386 31
2425 31
2486 31
2500 31
78 32
123 32
152 32
234 32
253 32
400 32
438 32
448 32
475 32
538 32
590 32
839 32
847 32
906 32
1079 32
1093 32
1115 32
1124 32
1137 32
1150 32
1210 32
1315 32
1327 32
1350 32
1412 32
1422 32
1429 32
1435 32
1451 32
1463 32
1530 32
1534 32
1598 32
1636 32
1787 32
1798 32
1816 32
1822 32
1837 32
1848 32
1854 32
1870 32
2062 32
2110 32
2181 32
2303 32
2312 32
2383 32
2399 32
2439 32
2523 32
40 33
52 33
77 33
233 33
306 33
344 33
405 33
439 33
447 33
451 33
492 33
531 33
539 33
552 33
604 33
616 33
831 33
854 33
958 33
962 33
1144 33
1304 33
1385 33
1391 33
1393 33
1418 33
1734 33
2112 33
2113 33
2142 33
2182 33
2189 33
2194 33
2276 33
2319 33
49 34
58 34
105 34
115 34
126 34
163 34
235 34
303 34
383 34
411 34
418 34
489 34
547 34
724 34
725 34
728 34
748 34
770 34
772 34
848 34
927 34
943 34
980 34
1032 34
1057 34
1076 34
1090 34
1095 34
1101 34
1105 34
1318 34
1320 34
1472 34
1807 34
1835 34
2014 34
2019 34
2243 34
2340 34
23 35
48 35
185 35
194 35
200 35
211 35
212 35
287 35
290 35
429 35
534 35
542 35
606 35
674 35
684 35
727 35
760 35
762 35
763 35
781 35
788 35
939 35
981 35
1003 35
1089 35
1228 35
1244 35
1287 35
1369 35
1427 35
1478 35
1625 35
1644 35
1659 35
1662 35
1665 35
1677 35
1872 35
2002 35
2031 35
2050 35
2104 35
2130 35
2138 35
2145 35
2264 35
2277 35
2376 35
25 36
145 36
193 36
221 36
240 36
309 36
310 36
327 36
466 36
498 36
677 36
685 36
711 36
717 36
749 36
750 36
761 36
765 36
766 36
768 36
938 36
976 36
1091 36
1219 36
1281 36
1283 36
1291 36
1377 36
1476 36
1618 36
1827 36
1961 36
2109 36
2119 36
2124 36
2174 36
