8 0
67 0
148 0
153 0
161 0
186 0
191 0
223 0
240 0
241 0
249 0
296 0
307 0
310 0
335 0
433 0
446 0
491 0
495 0
550 0
551 0
674 0
695 0
700 0
717 0
861 0
880 0
897 0
918 0
947 0
951 0
968 0
1015 0
1022 0
1127 0
1134 0
1135 0
1148 0
1151 0
1156 0
1158 0
1179 0
1184 0
1396 0
1454 0
1548 0
1608 0
1610 0
1670 0
1788 0
1861 0
1948 0
2115 0
2182 0
2212 0
2224 0
2237 0
2254 0
2276 0
2292 0
2334 0
2382 0
2388 0
2395 0
2444 0
2445 0
2498 0
2549 0
2570 0
2602 0
2636 0
2657 0
2662 0
2666 0
2707 0
2710 0
11 1
34 1
74 1
91 1
133 1
169 1
170 1
256 1
392 1
541 1
543 1
567 1
579 1
587 1
624 1
657 1
669 1
686 1
690 1
696 1
698 1
735 1
759 1
777 1
780 1
781 1
785 1
919 1
955 1
961 1
1018 1
1075 1
1193 1
1242 1
1295 1
1465 1
1579 1
1607 1
1719 1
1723 1
1725 1
1754 1
1786 1
1857 1
1864 1
1911 1
1931 1
2215 1
2241 1
2250 1
2591 1
2595 1
2805 1
14 2
64 2
73 2
131 2
384 2
547 2
553 2
584 2
613 2
661 2
681 2
731 2
748 2
772 2
775 2
790 2
816 2
821 2
860 2
875 2
1013 2
1059 2
1063 2
1067 2
1191 2
1213 2
1214 2
1248 2
1256 2
1288 2
1497 2
1587 2
1696 2
1714 2
1716 2
1718 2
1724 2
1731 2
1752 2
1766 2
1768 2
1790 2
1792 2
1912 2
1915 2
1916 2
2129 2
2219 2
2251 2
2257 2
2259 2
2372 2
2376 2
2378 2
2409 2
2583 2
2592 2
2784 2
2811 2
135 3
221 3
255 3
268 3
377 3
397 3
404 3
419 3
476 3
504 3
574 3
588 3
659 3
711 3
751 3
753 3
789 3
796 3
848 3
956 3
1126 3
1146 3
1154 3
1212 3
1363 3
1366 3
1402 3
1605 3
1668 3
1711 3
1728 3
1780 3
1894 3
2047 3
2232 3
2248 3
2253 3
2295 3
2791 3
2810 3
13 4
28 4
61 4
62 4
63 4
80 4
303 4
416 4
429 4
658 4
687 4
689 4
765 4
787 4
794 4
829 4
958 4
1016 4
1108 4
1131 4
1155 4
1163 4
1247 4
1293 4
1296 4
1404 4
1485 4
1540 4
1619 4
1632 4
1659 4
1690 4
1721 4
1764 4
1765 4
1769 4
1791 4
1793 4
1797 4
1830 4
1903 4
1907 4
1909 4
1910 4
1918 4
1955 4
2048 4
2161 4
2175 4
2194 4
2221 4
2239 4
2247 4
2249 4
2343 4
2401 4
2585 4
2643 4
2770 4
2774 4
2780 4
2790 4
2806 4
2809 4
263 5
318 5
342 5
353 5
423 5
454 5
500 5
538 5
718 5
905 5
937 5
963 5
1027 5
1041 5
1070 5
1166 5
1303 5
1312 5
1343 5
1374 5
1425 5
1935 5
1954 5
1989 5
2007 5
2046 5
2070 5
2086 5
2126 5
2303 5
2321 5
2413 5
2464 5
2468 5
2476 5
2512 5
2524 5
2534 5
2616 5
2722 5
2739 5
2751 5
2771 5
2786 5
2838 5
40 6
107 6
165 6
313 6
364 6
406 6
456 6
604 6
617 6
646 6
776 6
872 6
931 6
987 6
988 6
1053 6
1182 6
1190 6
1234 6
1368 6
1411 6
1412 6
1550 6
1591 6
1615 6
1616 6
1633 6
1648 6
1712 6
1747 6
1809 6
1824 6
1833 6
1982 6
1997 6
2022 6
2023 6
2140 6
2158 6
2223 6
2296 6
2428 6
2494 6
2553 6
2663 6
2704 6
2738 6
2741 6
2742 6
2758 6
2829 6
46 7
97 7
167 7
276 7
498 7
508 7
575 7
673 7
744 7
767 7
811 7
911 7
927 7
953 7
996 7
1001 7
1012 7
1218 7
1268 7
1276 7
1378 7
1386 7
1462 7
1583 7
1606 7
1612 7
1617 7
1628 7
1666 7
1777 7
1855 7
2051 7
2055 7
2112 7
2207 7
2383 7
2396 7
2400 7
2474 7
2573 7
2702 7
2730 7
21 8
119 8
137 8
163 8
197 8
351 8
355 8
492 8
614 8
843 8
869 8
892 8
990 8
1054 8
1065 8
1161 8
1183 8
1228 8
1264 8
1304 8
1395 8
1422 8
1427 8
1518 8
1542 8
1597 8
1603 8
1622 8
1627 8
1741 8
1767 8
1804 8
1834 8
1957 8
2005 8
2034 8
2040 8
2141 8
2208 8
2214 8
2266 8
2269 8
2596 8
2712 8
2713 8
2732 8
2735 8
2743 8
2747 8
2822 8
36 9
114 9
126 9
159 9
238 9
262 9
581 9
619 9
921 9
922 9
1046 9
1139 9
1278 9
1279 9
1287 9
1340 9
1398 9
1424 9
1447 9
1594 9
1806 9
1847 9
1852 9
1872 9
1975 9
2087 9
2089 9
2120 9
2134 9
2142 9
2244 9
2356 9
2426 9
2500 9
2518 9
2542 9
2688 9
2700 9
2734 9
2779 9
2797 9
2846 9
140 10
331 10
407 10
569 10
597 10
605 10
637 10
724 10
783 10
844 10
917 10
984 10
1094 10
1120 10
1188 10
1226 10
1309 10
1318 10
1358 10
1391 10
1417 10
1437 10
1526 10
1558 10
1656 10
1689 10
1742 10
1750 10
1775 10
1795 10
1814 10
1832 10
1876 10
1884 10
1996 10
2000 10
2028 10
2042 10
2133 10
2155 10
2170 10
2198 10
2204 10
2242 10
2273 10
2327 10
2338 10
2350 10
2357 10
2416 10
2458 10
2486 10
2538 10
2605 10
2645 10
2647 10
2745 10
2775 10
2783 10
2792 10
2804 10
2853 10
2865 10
53 11
244 11
254 11
340 11
370 11
402 11
435 11
595 11
649 11
666 11
768 11
826 11
909 11
928 11
1104 11
1195 11
1258 11
1311 11
1382 11
1408 11
1694 11
1707 11
1738 11
1870 11
1956 11
1985 11
2054 11
2117 11
2180 11
2186 11
2515 11
2528 11
2531 11
2540 11
2561 11
2564 11
2567 11
2623 11
2670 11
2677 11
2684 11
2701 11
2755 11
45 12
120 12
179 12
578 12
682 12
898 12
959 12
1286 12
1325 12
1407 12
1445 12
1466 12
1563 12
1614 12
1634 12
1653 12
1744 12
1760 12
1805 12
1845 12
1878 12
1879 12
1887 12
1924 12
1940 12
1951 12
1979 12
1987 12
2026 12
2029 12
2085 12
2098 12
2132 12
2146 12
2171 12
2185 12
2331 12
2345 12
2369 12
2485 12
2604 12
2653 12
2661 12
2726 12
2737 12
2750 12
2766 12
2794 12
2813 12
31 13
361 13
368 13
394 13
421 13
448 13
489 13
518 13
662 13
838 13
855 13
1019 13
1097 13
1140 13
1203 13
1225 13
1359 13
1389 13
1415 13
1459 13
1500 13
1640 13
1688 13
1900 13
1942 13
2002 13
2025 13
2027 13
2052 13
2080 13
2148 13
2152 13
2168 13
2179 13
2199 13
2230 13
2231 13
2278 13
2318 13
2371 13
2546 13
2682 13
2769 13
2856 13
24 14
175 14
283 14
366 14
503 14
585 14
602 14
715 14
720 14
854 14
904 14
966 14
977 14
1003 14
1164 14
1269 14
1270 14
1282 14
1392 14
1458 14
1515 14
1564 14
1574 14
1602 14
1623 14
1735 14
1945 14
2078 14
2099 14
2169 14
2173 14
2177 14
2377 14
2433 14
2521 14
2580 14
2589 14
2597 14
2610 14
2639 14
2646 14
2671 14
2824 14
2850 14
30 15
32 15
102 15
149 15
202 15
316 15
349 15
379 15
511 15
640 15
910 15
976 15
993 15
1051 15
1072 15
1084 15
1096 15
1100 15
1114 15
1208 15
1233 15
1260 15
1281 15
1321 15
1348 15
1420 15
1431 15
1475 15
1480 15
1484 15
1494 15
1507 15
1509 15
1522 15
1535 15
1599 15
1601 15
1611 15
1645 15
1661 15
1687 15
1813 15
1815 15
1819 15
1881 15
1896 15
1921 15
1938 15
2033 15
2053 15
2061 15
2067 15
2076 15
2081 15
2101 15
2111 15
2113 15
2201 15
2228 15
2233 15
2301 15
2335 15
2362 15
2370 15
2389 15
2452 15
2461 15
2462 15
2466 15
2482 15
2506 15
2536 15
2539 15
2565 15
2594 15
2606 15
2641 15
2650 15
2678 15
2691 15
2725 15
2729 15
2753 15
2815 15
2821 15
84 16
211 16
288 16
327 16
333 16
362 16
413 16
679 16
726 16
891 16
899 16
986 16
1187 16
1192 16
1229 16
1372 16
1406 16
1463 16
1469 16
1478 16
1482 16
1506 16
1577 16
1589 16
1748 16
1789 16
1839 16
1850 16
1952 16
2090 16
2114 16
2166 16
2267 16
2291 16
2454 16
2473 16
2517 16
2547 16
2827 16
2843 16
16 17
41 17
89 17
247 17
325 17
432 17
450 17
453 17
520 17
564 17
606 17
667 17
733 17
761 17
797 17
908 17
916 17
1044 17
1098 17
1112 17
1143 17
1231 17
1316 17
1377 17
1479 17
1541 17
1543 17
1698 17
1992 17
2209 17
2252 17
2264 17
2363 17
2375 17
2509 17
2522 17
2526 17
2530 17
2557 17
2576 17
2608 17
2651 17
2716 17
2768 17
2858 17
2 18
17 18
90 18
96 18
155 18
216 18
373 18
444 18
452 18
515 18
516 18
743 18
808 18
839 18
856 18
965 18
1056 18
1106 18
1149 18
1263 18
1342 18
1450 18
1489 18
1555 18
1592 18
1732 18
1816 18
1822 18
1837 18
1863 18
1944 18
1977 18
1999 18
2068 18
2305 18
2423 18
2484 18
2495 18
2551 18
2617 18
2656 18
2727 18
2776 18
2819 19
2860 19
104 19
122 19
138 19
168 19
208 19
375 19
499 19
632 19
769 19
842 19
1068 19
1081 19
1087 19
1345 19
1351 19
1513 19
1521 19
1557 19
1652 19
1778 19
1818 19
1821 19
1844 19
1869 19
1927 19
1958 19
1963 19
2019 19
2109 19
2119 19
2121 19
2150 19
2316 19
2459 19
2511 19
2635 19
2723 19
2862 19
47 20
98 20
101 20
185 20
204 20
209 20
252 20
253 20
286 20
287 20
300 20
359 20
385 20
387 20
388 20
390 20
391 20
554 20
610 20
651 20
680 20
705 20
706 20
734 20
746 20
750 20
752 20
778 20
803 20
815 20
819 20
824 20
846 20
1014 20
1095 20
1129 20
1205 20
1238 20
1245 20
1334 20
1504 20
1584 20
1693 20
1700 20
1726 20
1730 20
1734 20
1749 20
1771 20
1772 20
1773 20
1796 20
1812 20
1828 20
1853 20
1858 20
1862 20
1892 20
1919 20
1929 20
1933 20
2060 20
2094 20
2246 20
2260 20
2309 20
2325 21
2502 21
2803 21
43 21
51 21
105 21
157 21
183 21
265 21
298 21
336 21
357 21
535 21
650 21
863 21
914 21
942 21
948 21
982 21
995 21
1137 21
1198 21
1201 21
1221 21
1291 21
1305 21
1327 21
1347 21
1428 21
1486 21
1676 21
1756 21
2010 21
2143 21
2319 21
2332 21
2353 21
2404 21
2543 21
2631 21
2632 21
6 22
85 22
117 22
129 22
217 22
344 22
395 22
441 22
472 22
510 22
531 22
542 22
546 22
625 22
642 22
825 22
831 22
870 22
877 22
882 22
915 22
983 22
1035 22
1043 22
1050 22
1057 22
1230 22
1353 22
1554 22
1561 22
1709 22
1715 22
1969 22
2092 22
2093 22
2139 22
2226 22
2347 22
2422 22
2430 22
2437 22
2568 22
2686 22
2694 22
2820 22
2830 22
2840 22
112 23
146 23
147 23
196 23
205 23
315 23
389 23
399 23
443 23
478 23
633 23
664 23
728 23
784 23
810 23
814 23
866 23
876 23
930 23
1061 23
1167 23
1211 23
1236 23
1267 23
1273 23
1285 23
1298 23
1335 23
1338 23
1355 23
1442 23
1444 23
1452 23
1528 23
1533 23
1534 23
1571 23
1802 23
1902 23
1934 23
1960 23
1994 23
2058 23
2063 23
2069 23
2106 23
2311 23
2336 23
2364 23
2366 23
2393 23
2411 23
2441 23
2660 23
2718 23
2841 23
2849 23
3 24
39 24
322 24
533 24
601 24
740 24
801 24
834 24
912 24
1005 24
1024 24
1115 24
1168 24
1169 24
1176 24
1301 24
1317 24
1320 24
1328 24
1354 24
1387 24
1453 24
1468 24
1473 24
1511 24
1538 24
1620 24
1626 24
1891 24
1905 24
1936 24
1991 24
2127 24
2131 24
2137 24
2153 24
2167 24
2190 24
2243 24
2263 24
2328 24
2449 24
2555 24
2562 24
2611 24
2621 24
2625 24
2634 24
2640 24
2667 24
2709 24
10 25
110 25
128 25
230 25
237 25
250 25
272 25
278 25
337 25
458 25
459 25
465 25
565 25
576 25
636 25
736 25
757 25
827 25
837 25
981 25
1110 25
1119 25
1222 25
1223 25
1237 25
1262 25
1266 25
1299 25
1375 25
1385 25
1517 25
1566 25
1625 25
1655 25
1669 25
1803 25
1825 25
1874 25
1950 25
2018 25
2122 25
2157 25
2202 25
2205 25
2284 25
2391 25
2514 25
2545 25
2558 25
2601 25
2615 25
2642 25
2659 25
2672 25
2754 25
2816 25
25 26
49 26
100 26
116 26
203 26
225 26
235 26
469 26
482 26
483 26
502 26
677 26
722 26
852 26
858 26
884 26
971 26
1036 26
1038 26
1124 26
1152 26
1284 26
1350 26
1383 26
1460 26
1495 26
1502 26
1512 26
1595 26
1635 26
1658 26
1664 26
1671 26
1674 26
1826 26
2071 26
2183 26
2196 26
2240 26
2447 26
2472 26
2637 26
2839 26
37 27
56 27
82 27
87 27
94 27
123 27
152 27
214 27
220 27
228 27
229 27
274 27
292 27
312 27
314 27
332 27
338 27
345 27
412 27
426 27
528 27
571 27
592 27
620 27
626 27
630 27
712 27
732 27
841 27
944 27
1007 27
1008 27
1021 27
1074 27
1241 27
1249 27
1250 27
1379 27
1491 27
1510 27
1781 27
1799 27
2358 27
2414 27
144 28
248 28
251 28
266 28
279 28
358 28
403 28
436 28
485 28
507 28
513 28
771 28
813 28
849 28
888 28
889 28
1029 28
1037 28
1064 28
1200 28
1202 28
1419 28
1439 28
1456 28
1514 28
1527 28
1532 28
1549 28
1552 28
1576 28
1665 28
1685 28
1740 28
1755 28
1807 28
1838 28
1867 28
1998 28
2021 28
2030 28
2083 28
2097 28
2124 28
2261 28
2280 28
2290 28
2352 28
2456 28
2519 28
2566 28
2572 28
2599 28
2609 28
2619 28
2627 28
2654 28
2711 28
2715 28
2721 28
2817 28
2836 28
2859 28
142 29
145 29
232 29
464 29
466 29
487 29
490 29
534 29
608 29
639 29
670 29
749 29
895 29
943 29
969 29
1032 29
1109 29
1116 29
1174 29
1438 29
1449 29
1524 29
1559 29
1811 29
1848 29
1875 29
2031 29
2036 29
2037 29
2049 29
2145 29
2159 29
2172 29
2342 29
2442 29
2460 29
2490 29
2491 29
2831 29
2844 29
2867 29
19 30
92 30
99 30
115 30
178 30
181 30
227 30
233 30
356 30
371 30
380 30
408 30
480 30
494 30
545 30
555 30
577 30
647 30
676 30
737 30
738 30
864 30
894 30
924 30
974 30
1185 30
1246 30
1251 30
1330 30
1332 30
1380 30
1501 30
1551 30
1618 30
1705 30
1885 30
2571 30
2579 30
2613 30
2675 30
5 31
29 31
44 31
50 31
57 31
58 31
59 31
79 31
151 31
174 31
187 31
206 31
270 31
291 31
341 31
381 31
382 31
411 31
424 31
425 31
461 31
463 31
468 31
475 31
525 31
526 31
532 31
559 31
562 31
628 31
754 31
868 31
1010 31
1020 31
1089 31
1123 31
1172 31
1227 31
1272 31
1337 31
1369 31
1421 31
1433 31
1441 31
1537 31
1568 31
1573 31
1596 31
1672 31
1784 31
1859 31
1967 31
2012 31
2014 31
2066 31
2074 31
2075 31
2095 31
2103 31
2193 31
2211 31
2314 31
2380 31
2446 31
2478 31
2493 31
2554 31
2612 31
2695 31
2697 31
2698 31
2814 31
2863 31
215 32
224 32
234 32
259 32
343 32
376 32
473 32
596 32
600 32
832 32
835 32
1025 32
1033 32
1113 32
1118 32
1207 32
1253 32
1302 32
1323 32
1349 32
1393 32
1430 32
1490 32
1637 32
1783 32
1808 32
1889 32
1897 32
1941 32
1966 32
1968 32
1971 32
2009 32
2064 32
2191 32
2348 32
2354 32
2360 32
2431 32
2463 32
2598 32
54 33
95 33
118 33
125 33
271 33
277 33
311 33
346 33
347 33
372 33
393 33
442 33
462 33
471 33
486 33
544 33
615 33
641 33
654 33
663 33
798 33
871 33
878 33
886 33
900 33
1030 33
1031 33
1048 33
1101 33
1147 33
1196 33
1204 33
1243 33
1331 33
1333 33
1440 33
1530 33
1570 33
1588 33
1621 33
1646 33
1678 33
1680 33
1739 33
1851 33
1899 33
1973 33
2017 33
2072 33
2082 33
2188 33
2189 33
2340 33
2351 33
2361 33
2419 33
2427 33
2439 33
2833 33
2842 33
23 34
66 34
76 34
184 34
243 34
302 34
308 34
418 34
431 34
434 34
537 34
622 34
645 34
906 34
932 34
935 34
945 34
950 34
1077 34
1078 34
1105 34
1128 34
1171 34
1487 34
1508 34
1547 34
1586 34
1699 34
1761 34
1962 34
2045 34
2217 34
2235 34
2275 34
2288 34
2329 34
2387 34
2405 34
2503 34
2676 34
2778 34
2788 34
2798 35
2801 35
18 35
22 35
171 35
192 35
222 35
321 35
439 35
493 35
540 35
561 35
621 35
631 35
655 35
692 35
714 35
755 35
823 35
991 35
1076 35
1254 35
1289 35
1308 35
1313 35
1365 35
1390 35
1762 35
2057 35
2236 35
2255 35
2282 35
2286 35
2367 35
2374 35
2560 35
2582 35
2673 35
2692 35
2781 35
173 36
193 36
269 36
295 36
549 36
560 36
683 36
710 36
792 36
874 36
902 36
933 36
972 36
1091 36
1142 36
1145 36
1160 36
1181 36
1315 36
1399 36
1423 36
1467 36
1498 36
1520 36
1578 36
1639 36
1641 36
1651 36
1684 36
1866 36
1871 36
1882 36
1925 36
1974 36
2003 36
2043 36
2160 36
2165 36
2238 36
2270 36
2297 36
2306 36
2310 36
2346 36
2402 36
2435 36
2480 36
2488 36
2575 36
2629 36
2658 36
2760 36
2762 36
2834 36
2847 36
2855 36
15 37
26 37
172 37
190 37
280 37
401 37
506 37
552 37
570 37
582 37
586 37
697 37
701 37
707 37
708 37
727 37
764 37
766 37
782 37
793 37
999 37
1086 37
1093 37
1153 37
1216 37
1232 37
1274 37
1306 37
1352 37
1361 37
1409 37
1435 37
1451 37
1464 37
1545 37
1609 37
1629 37
1636 37
1642 37
1677 37
1681 37
1701 37
1703 37
1736 37
1745 37
1842 37
1914 37
1946 37
1976 37
1980 37
2116 37
2136 37
2164 37
2293 37
2299 37
2302 37
2330 37
2381 37
2385 37
2398 37
2407 37
2424 37
2451 37
2457 37
2497 37
2504 37
2507 37
2537 37
2644 37
2683 37
2689 37
2719 37
2746 37
2759 37
2763 37
2773 37
2808 37
2852 37
